8.2 15
10.5 28
12.3 42
14.1 18
15.8 35
17.2 52
18.5 88
19.3 44
20.8 67
21.5 31
22.7 100
23.4 56
24.1 72
24.8 39
25.5 95
26.2 48
26.9 64
27.6 33
28.3 78
29.0 41
29.7 55
30.4 27
31.2 85
31.8 36
32.5 60
33.1 22
33.8 70
34.5 29
35.2 46
35.9 18
36.5 90
37.2 38
37.8 52
38.5 24
39.2 68
39.8 34
40.5 58
41.2 20
41.8 75
42.5 30
43.2 48
43.8 16
44.5 82
45.2 26
45.8 62
46.5 32
47.2 54
47.8 14
48.5 72
49.2 22
49.8 44
50.5 28
51.2 66
51.8 36
52.5 50
53.2 18
53.8 58
54.5 24
55.2 40
55.8 12
56.5 70
57.2 20
57.8 46
58.5 32
59.2 56
59.8 16
60.5 64
61.2 22
61.8 38
62.5 28
63.2 52
63.8 14
64.5 60
65.2 18
65.8 34
66.5 26
67.2 48
67.8 10
68.5 42
69.2 16
69.8 30
70.5 20
71.2 36
71.8 8
72.5 28
73.2 12
73.8 22
74.5 15
75.2 32
75.8 6
76.5 24
77.2 10
77.8 18
78.5 14
79.2 20
79.8 5
80.5 16
81.2 8
81.8 12
82.5 10
83.2 6
83.8 14
84.5 4
85.2 8
85.8 3
86.5 6
87.2 2
88.5 4
89.2 2
89.8 3
